   PS_ZX         Ps_ps          Ma_ps    Ps_cp          
0.05130171      134.6201     0.1375694     0.9868316    
0.0500049  -0.000440688  0.00413264

0.09966507       134.283     0.1500462     0.9843599    
0.050048  -0.000440645  0.00637171

 0.1478425      133.7961     0.1664808     0.9807909    
0.0500049  -0.000696578  0.0107858

  0.195733      134.2115     0.1525639     0.9838361    
0.0500049  -0.0013363  0.0144962

 0.2431597      134.1436     0.1549205     0.9833383    
0.0500078  -0.00214037  0.0164051

 0.2898818      134.2398     0.1515726     0.9840433    
0.050005  -0.00228028  0.017317

 0.3356213      133.7649     0.1674804     0.9805624    
0.050005  -0.00401466  0.020593

 0.3801372      134.2349     0.1517458     0.9840072    
0.050005  -0.00362924  0.0196937

 0.4231634      134.0581     0.1578382     0.9827119    
0.050005  -0.00549209  0.0224558

 0.4645183      132.8426     0.1948692     0.9738015    
0.050005  -0.00838271  0.0257319

 0.5040965      132.5232     0.2035486     0.9714599    
0.050005  -0.00915354   0.0265669

 0.5418818      132.2038      0.211898     0.9691182    
0.050005  -0.0119799  0.0291364

 0.5778788      132.4111      0.206515     0.9706379    
0.050005  -0.0144851  0.0309992

 0.6122254      132.1005     0.2145326     0.9683613    
0.050005  -0.0162195  0.0324124

 0.6450293      130.4439     0.2533883     0.9562176    
0.050005  -0.0180824  0.0335687

 0.6764328      129.8388     0.2663098     0.9517819    
0.050005   -0.0193671  0.0344037

 0.7065739      129.2337     0.2787051     0.9473461    
0.050005   -0.0209087  0.0353031

 0.7355877      128.2462     0.2979738     0.9401077    
0.050005   -0.0221292  0.0360097

 0.7636122      126.5767     0.3283724      0.927869    
0.050005   -0.0235424  0.036909

 0.7907598      125.2247     0.3514042     0.9179583    
0.050005   -0.0229643  0.0367162

 0.8248584       122.442     0.3954801     0.8975595    
0.050005   -0.0257907  0.0383864

 0.8579401       119.819     0.4339656      0.878332    
0.050005   -0.0273966  0.0390287

 0.8901127      115.9285     0.4872014     0.8498129    
0.050005   -0.0288098  0.0400565

 0.9214864      111.4099     0.5450203      0.816689    
0.050005   -0.0302872  0.0407631

 0.02380291      119.3073     0.4412014     0.8745809
0.050005  0.00228048  0.000936751

 0.06964572      119.5617     0.4376146     0.8764455
0.050005  0.00504263  0.00459821

 0.1211747      116.0336     0.4858116     0.8505832
0.050005  0.00722666  0.0115357

 0.1781993      112.6763     0.5291608     0.8259723
0.050005  0.00619888  0.0169958

 0.2393215      108.6687       0.57861     0.7965951
0.050005  0.0035652  0.0216208

 0.301929      104.6612     0.6262804     0.7672178
0.050005  0.00221624  0.0236121

 0.3633014      102.6075      0.650206     0.7521635
0.050005  -0.00170216  0.027402

 0.4214095      100.5539     0.6738726     0.7371092
0.050005  -0.00311535  0.0286225

 0.4752777      100.7016      0.672178     0.7381918
0.050005  -0.00459278  0.0296503

 0.5246626      98.39457     0.6985359     0.7212804
0.050005  -0.00639139  0.0308065

 0.5697433      97.32404     0.7106964     0.7134329
0.050005  -0.0100528  0.0331833

 0.6108733      94.95873     0.7374461      0.696094
0.050005  -0.0126223  0.0345965

 0.6484795       93.7493     0.7510769     0.6872283
0.050005  -0.0144209  0.0354958

 0.6830464      92.74255     0.7624068     0.6798483
0.0500049  -0.0171123  0.0368455

 0.7151249      91.80731     0.7729227     0.6729925
0.0500049  -0.0187596  0.037777

 0.7451672      91.36328     0.7779133     0.6697376
0.0500049  -0.0195304  0.0381625

 0.77352      91.74482     0.7736252     0.6725344
0.0500049  -0.0210079  0.0387406

 0.8004403      92.05501     0.7701382     0.6748083
0.0500049  -0.0223568  0.0393829

 0.8261485      92.36521     0.7666505     0.6770822
0.0500049  -0.0244124  0.0400253

 0.8508146      92.49656     0.7651735      0.678045
0.0500049  -0.0260825  0.0407319

 0.8783432      93.09203     0.7584752     0.6824102
0.0500049  -0.027303  0.0415027

 0.9048435      94.07334     0.7474273     0.6896036
0.0500049   -0.0285235  0.0418239

 0.9304874      95.36866       0.73282     0.6990989
0.0500049  -0.0298724  0.0423378

 0.9553945      96.76017     0.7170867     0.7092994
0.0500049  -0.0309645  0.0428517

 0.9796933      98.10037     0.7018817     0.7191237
0.0500049  -0.0322492  0.0433656

