SS_ZX         Ps_ss          Ma_ss   Ss_cp          
 0.02380291      119.3073     0.4412014     0.8745809
0.050005  0.00228048  0.000936751

 0.06964572      119.5617     0.4376146     0.8764455
0.050005  0.00504263  0.00459821

 0.1211747      116.0336     0.4858116     0.8505832
0.050005  0.00722666  0.0115357

 0.1781993      112.6763     0.5291608     0.8259723
0.050005  0.00619888  0.0169958

 0.2393215      108.6687       0.57861     0.7965951
0.050005  0.0035652  0.0216208

 0.301929      104.6612     0.6262804     0.7672178
0.050005  0.00221624  0.0236121

 0.3633014      102.6075      0.650206     0.7521635
0.050005  -0.00170216  0.027402

 0.4214095      100.5539     0.6738726     0.7371092
0.050005  -0.00311535  0.0286225

 0.4752777      100.7016      0.672178     0.7381918
0.050005  -0.00459278  0.0296503

 0.5246626      98.39457     0.6985359     0.7212804
0.050005  -0.00639139  0.0308065

 0.5697433      97.32404     0.7106964     0.7134329
0.050005  -0.0100528  0.0331833

 0.6108733      94.95873     0.7374461      0.696094
0.050005  -0.0126223  0.0345965

 0.6484795       93.7493     0.7510769     0.6872283
0.050005  -0.0144209  0.0354958

 0.6830464      92.74255     0.7624068     0.6798483
0.0500049  -0.0171123  0.0368455

 0.7151249      91.80731     0.7729227     0.6729925
0.0500049  -0.0187596  0.037777

 0.7451672      91.36328     0.7779133     0.6697376
0.0500049  -0.0195304  0.0381625

 0.77352      91.74482     0.7736252     0.6725344
0.0500049  -0.0210079  0.0387406

 0.8004403      92.05501     0.7701382     0.6748083
0.0500049  -0.0223568  0.0393829

 0.8261485      92.36521     0.7666505     0.6770822
0.0500049  -0.0244124  0.0400253

 0.8508146      92.49656     0.7651735      0.678045
0.0500049  -0.0260825  0.0407319

 0.8783432      93.09203     0.7584752     0.6824102
0.0500049  -0.027303  0.0415027

 0.9048435      94.07334     0.7474273     0.6896036
0.0500049   -0.0285235  0.0418239

 0.9304874      95.36866       0.73282     0.6990989
0.0500049  -0.0298724  0.0423378

 0.9553945      96.76017     0.7170867     0.7092994
0.0500049  -0.0309645  0.0428517

 0.9796933      98.10037     0.7018817     0.7191237
0.0500049  -0.0322492  0.0433656

